

2013-11-30 13:50                                                                                                Página 1

O2

		0	   	   1	      2		 	 3	    	4	       5	  	  6	     	 7			8	   	   9	     10
    49307      45889  	  46829	     45280  	44209  	   46633      42163  	 48110	    45205      47471  	  51796
    23111      23118  	  23267	     23114  	23182  	   23073      23075  	 23113	    23198      23106  	  23077
    23086      23080  	  23225	     23084  	23208  	   23075      23076  	 23084	    23179      23644  	  23081
    10144      10146  	  10195	     10146  	10197  	   10139      10141  	 10221	    10193      10235  	  10139
      544  	 	 545  	    544	       546  	  546  	     545  		544  	   546	      547  	 	 545  	    557











2013-11-30 23:24                                                                                                Página 1


0	   1	      2		 3	    4	       5	  6	     7		8	   9	      10
    42195      49786  	  49417	     46544  	45273  	   45394      45164  	 48680	    48045      55119  	  56180
    28789      23492  	  23078	     23200  	23092  	   23199      23112  	 25007	    23114      23198  	  23179
    23227      23202  	  23077	     23179  	23115  	   23226      23118  	 25057	    23168      23265  	  23182
    10200      10172  	  10139	     10221  	10159  	   10166      11044  	 11076	    11085      10202  	  10141
      554  	 554  	    560	       550  	  555  	     554  	604  	   632	     1136  	 553  	    551









