

2013-11-30 13:48  
                                                                                              Página 1
O1

		0	   	   1	      2		 	 3	    	4	       5	  	  6	     	 7			8	   	   9	     10
    31598      28630  	  26554	     26566  	27807  	   27087      27034  	 28646	    26755      26902  	  29401
    15888      15882  	  15813	     15880  	15817  	   15938      15817  	 15883	    15814      15879  	  15815
    15444      15473  	  15445	     15740  	15402  	   15470      15442  	 15470	    15450      15471  	  15446
     7354  		6963  	   7039	      6994  	 6946  	    6493       6786  	  6953	     6931  		6779  	   6432
      589  	 	587  	    580	       637  	  591  	     590  		616  	   590	      589  	 	589  	    592











2013-11-30 23:35                                                                                                Página 1


0	   1	      2		 3	    4	       5	  6	     7		8	   9	      10
    32702      28166  	  26745	     27059  	28553  	   27381      27193  	 26841	    26933      27375  	  27303
    15799      15861  	  15796	     15805  	15804  	   15796      15814  	 15879	    15883      15879  	  15796
    15393      15490  	  15387	     15393  	15411  	   15415      15656  	 15466	    15392      15469  	  15392
     7066  	7349  	   7346	      6955  	 7333  	    6794       7236  	  6684	     6514  	7025  	   7331
      596  	 588  	    592	       594  	  589  	     582  	585  	   584	      581  	 580  	    585









