

2013-11-30 13:46                                                                                                Página 1

O0

	  0	         1	        2		   3	      4	         5	        6	       7		  8	         9	      10
    93733      98569  	  94165	     93900  	93486  	   96181      95256  	 93653	    94546      94997  	  97579
    52949      53213  	  53267	     53018  	54867  	   54527      53459  	 53221	    53080      53303  	  53059
    28177      23507  	  23618	     23499  	23705  	   23539      25660  	 23618	    23548      23696  	  23560
    26954      27008  	  27083	     27104  	27109  	   27083      27410  	 27143	    26980      27107  	  28766
     1204  	    1219  	   1204	      1226  	 1195  	    1205       1203  	  1228	     1205  	    1205  	   1284









