

2013-11-30 18:05                                                                                                Página 1


		0	   	   1	      2		 	 3	    	4	       5	  	  6	     	 7			8	   	   9	     10
    30873      32779  	  34259	     33130  	30814  	   32368      33449  	 35325	    34455      33480  	  34051
    23193      23118  	  23179	     23123  	23217  	   23083      23201  	 23400	    23756      23095  	  23210
    15860      15800  	  15878	     20081  	15842  	   15847      15876  	 15792	    15877      15803  	  15873
    15870      15791  	  15871	     15817  	16052  	   15795      15946  	 15815	    15872      15819  	  15871
      860  	 	 837  	    836	       840  	 1037  	     835  		835  	   835	      838  	 	 832  	    833









