

2013-11-30 18:04                                                                                                Página 1


		0	   	   1	      2		 	 3	    	4	       5	  	  6	     	 7			8	   	   9	     10
    39302      49398  	  45493	     44559  	44940  	   46214      43052  	 45573	    45094      46573  	  46033
    23247      23394  	  23212	     23423  	23267  	   26679      23215  	 23291	    23127      23365  	  23262
    16623      16686  	  16607	     16685  	16615  	   16685      16608  	 16713	    16618      16715  	  16610
    15824      15871  	  15800	     15875  	15798  	   15903      15984  	 15875	    15800      15874  	  15799
      851  	 	 850  	    853	       853  	  853  	     886  		899  	   855	      855  	 	 850  	    847









